-0.2588   -0.3016
2.8622    3.8217
2.3188    3.7410
0.6923    0.5186
1.5664    2.7739
2.3426    4.1542
5.5784    9.8501
4.7694    6.9860
0.6501   -0.8767
5.0349    6.8253
2.7254    5.2612
1.9369    1.9769
2.7147    4.9043
1.7950    2.8000
1.8759    4.0580
3.4897    3.5364
3.4090    4.9423
3.4172    4.0798
2.6715    6.5257
0.7925    1.9034
2.7172    5.2701
3.6302    4.5289
2.4889    3.3275
3.0347    4.3161
2.7269    5.0416
1.6966    2.3042
2.2939    4.0484
1.2127    0.0422
2.8884    4.0262
0.8529    0.5661
0.9311    0.0309
1.1905    2.2257
0.9443   -1.1722
3.4384    5.1866
2.3252    2.3328
1.2451    2.8440
3.3703    5.3587
0.2885    0.1737
1.8978    2.8665
1.7586    2.4109
2.3192    1.9631
2.3129    3.2219
1.1351    0.9827
1.9699    2.1069
1.8351    1.7512
2.6277    3.4795
3.0933    2.9056
3.1093    5.4990
1.1363    2.1549
2.0774    3.0987
0.7859    1.1487
0.8865    0.6385
1.9932    3.8719
3.5326    5.1836
1.2303    1.2267
2.3714    4.7274
1.7744    2.4670
3.1174    4.1659
0.9109    1.1120
2.0326    2.3145
2.5525    2.8587
3.1006    6.8385
3.5442    6.7500
2.0859    3.3952
0.5084   -0.3261
1.2577    1.1370
0.9384    1.2547
4.3505    7.2111
1.3844    0.9230
2.7481    2.1044
1.8076    1.4564
2.8886    4.6217
1.2352    2.1916
0.5977    1.2878
0.5776    0.7536
2.4882    3.8914
1.8226    2.3216
1.8039    3.4525
3.4193    3.9497
2.2916    3.8314
2.1978    2.5617
3.5877    5.0915
1.1955    2.2720
2.6966    4.9448
2.8351    3.2847
1.7563    3.7262
2.2157    3.8952
0.8342    1.1925
0.8520    1.1090
2.1049    2.9689
2.7223    3.8209
4.5855    6.8982
1.3331    2.0441
2.1873    3.9964
1.9175    4.1987
0.0670    0.5048
1.5610    2.1599
0.2053    0.8494
2.8404    4.4192
1.1120    0.7761